 
method: newton
poly: -0.00160618556269244*x**6 + 0.112007755226833*x**5 - 2.81287749689374*x**4 + 29.9738701362277*x**3 - 121.669218883143*x**2 + 160.089861832258*x + 0.1
deg: 6
points: 7 
